<script>
		const canvas = document.getElementById("canvas");
		const ctx = canvas.getContext("2d");
	
		ctx.fillStyle = "black"
		ctx.beginPath();
		ctx.moveTo(163.77, 16.21);
		bezierCurveTo(
             163.77,16.21, 164.50,15.38, 164.50,15.38,
             164.50,15.38, 172.88,0.81, 172.88,0.81,
             172.88,0.81, 159.19,14.81, 159.19,14.81,
             159.19,14.81 145.00,30.94 145.00,30.94
             145.00,30.94 127.00,51.00 127.00,51.00
             127.00,51.00 119.88,58.75 119.88,58.75
             119.88,58.75 107.94,72.75 107.94,72.75
             107.94,72.75 99.94,82.69 99.94,82.69
             99.94,82.69 87.81,97.69 87.81,97.69
             87.81,97.69 78.88,109.94 78.88,109.94
             78.88,109.94 70.00,121.62 70.00,121.62
             70.00,121.62 58.69,137.75 58.69,137.75
             58.69,137.75 53.75,145.81 53.75,145.81
             53.75,145.81 46.94,156.88 46.94,156.88
             46.94,156.88 37.12,173.94 37.12,173.94
             37.12,173.94 33.00,182.12 33.00,182.12
             33.00,182.12 28.69,189.81 28.69,189.81
             28.69,189.81 25.12,197.75 25.12,197.75
             25.12,197.75 21.94,205.19 21.94,205.19
             21.94,205.19 15.94,220.06 15.94,220.06
             15.94,220.06 13.00,228.62 13.00,228.62
             13.00,228.62 9.94,238.00 9.94,238.00
             9.94,238.00 6.94,247.81 6.94,247.81
             6.94,247.81 5.06,255.81 5.06,255.81
             5.06,255.81 3.88,260.69 3.88,260.69
             3.88,260.69 2.19,270.31 2.19,270.31
             2.19,270.31 0.75,281.81 0.75,281.81
             0.75,281.81 0.06,290.44 0.06,290.44
             0.06,290.44 0.06,316.88 0.06,316.88
             0.06,316.88 0.94,323.81 0.94,323.81
             0.94,323.81 2.62,334.19 2.62,334.19
             2.62,334.19 4.75,341.75 4.75,341.75
             4.75,341.75 8.88,352.12 8.88,352.12
             8.88,352.12 14.62,364.00 14.62,364.00
             14.62,364.00 21.94,375.00 21.94,375.00
             21.94,375.00 28.56,383.25 28.56,383.25
             28.56,383.25 34.19,389.06 34.19,389.06
             34.19,389.06 39.00,393.94 39.00,393.94
             39.00,393.94 45.19,399.19 45.19,399.19
             45.19,399.19 52.00,404.12 52.00,404.12
             52.00,404.12 60.00,409.31 60.00,409.31
             60.00,409.31 66.25,412.00 66.25,412.00
             66.25,412.00 72.00,415.12 72.00,415.12
             72.00,415.12 80.56,418.19 80.56,418.19
             80.56,418.19 89.31,421.12 89.31,421.12
             89.31,421.12 98.00,423.19 98.00,423.19
             98.00,423.19 108.12,425.06 108.12,425.06
             108.12,425.06 114.94,425.88 114.94,425.88
             114.94,425.88 124.12,426.94 124.12,426.94
             124.12,426.94 159.38,426.75 159.38,426.75
             159.38,426.75 174.19,425.88 174.19,425.88
             174.19,425.88 182.94,424.94 182.94,424.94
             182.94,424.94 189.31,424.00 189.31,424.00
             189.31,424.00 199.38,422.06 199.38,422.06
             199.38,422.06 209.44,420.06 209.44,420.06
             209.44,420.06 217.44,418.12 217.44,418.12
             217.44,418.12 230.94,415.19 230.94,415.19
             230.94,415.19 246.06,411.00 246.06,411.00
             246.06,411.00 270.69,403.25 270.69,403.25
             270.69,403.25 303.19,391.06 303.19,391.06
             303.19,391.06 325.06,382.06 325.06,382.06
             325.06,382.06 357.88,368.12 357.88,368.12
             357.88,368.12 380.94,358.12 380.94,358.12
             380.94,358.12 407.06,347.06 407.06,347.06
             407.06,347.06 427.94,337.94 427.94,337.94
             427.94,337.94 470.19,320.00 470.19,320.00
             470.19,320.00 497.94,308.00 497.94,308.00
             497.94,308.00 519.00,299.12 519.00,299.12
             519.00,299.12 538.25,291.00 538.25,291.00
             538.25,291.00 570.06,277.00 570.06,277.00
             570.06,277.00 606.06,262.12 606.06,262.12
             606.06,262.12 673.62,233.00 673.62,233.00
             673.62,233.00 719.88,213.00 719.88,213.00
             719.88,213.00 785.00,184.88 785.00,184.88
             785.00,184.88 836.12,163.00 836.12,163.00
             836.12,163.00 891.12,140.00 891.12,140.00
             891.12,140.00 920.00,127.12 920.00,127.12
             920.00,127.12 957.12,111.88 957.12,111.88
             957.12,111.88 1013.88,87.12 1013.88,87.12
             1013.88,87.12 1082.25,57.75 1082.25,57.75
             1082.25,57.75 1149.88,29.12 1149.88,29.12
             1149.88,29.12 1198.12,7.50 1198.12,7.50
             1198.12,7.50 1135.50,23.62 1135.50,23.62
             1135.50,23.62 1093.62,34.88 1093.62,34.88
             1093.62,34.88 1014.88,55.75 1014.88,55.75
             1014.88,55.75 912.12,82.75 912.12,82.75
             912.12,82.75 796.75,113.88 796.75,113.88
             796.75,113.88 695.50,140.75 695.50,140.75
             695.50,140.75 585.25,169.88 585.25,169.88
             585.25,169.88 473.00,199.62 473.00,199.62
             473.00,199.62 378.25,224.50 378.25,224.50
             378.25,224.50 321.00,240.00 321.00,240.00
             321.00,240.00 295.62,244.75 295.62,244.75
             295.62,244.75 272.75,248.12 272.75,248.12
             272.75,248.12 229.25,248.62 229.25,248.62
             229.25,248.62 215.00,246.25 215.00,246.25
             215.00,246.25 193.50,240.00 193.50,240.00
             193.50,240.00 186.50,236.88 186.50,236.88
             186.50,236.88 178.50,233.12 178.50,233.12
             178.50,233.12 172.25,229.00 172.25,229.00
             172.25,229.00 165.25,223.38 165.25,223.38
             165.25,223.38 160.25,218.50 160.25,218.50
             160.25,218.50 152.88,210.75 152.88,210.75
             152.88,210.75 146.75,203.12 146.75,203.12
             146.75,203.12 141.88,196.25 141.88,196.25
             141.88,196.25 138.00,188.12 138.00,188.12
             138.00,188.12 134.00,177.88 134.00,177.88
             134.00,177.88 131.38,169.75 131.38,169.75
             131.38,169.75 128.75,156.62 128.75,156.62
             128.75,156.62 128.25,122.00 128.25,122.00
             128.25,122.00 129.62,111.62 129.62,111.62
             129.62,111.62 132.75,96.38 132.75,96.38
             132.75,96.38 137.00,81.38 137.00,81.38
             137.00,81.38 141.12,69.75 141.12,69.75
             141.12,69.75 145.62,54.75 145.62,54.75
             145.62,54.75 152.00,40.88 152.00,40.88
             152.00,40.88 158.00,28.50 158.00,28.50
             158.00,28.50 163.75,16.25 163.75,16.25);
		context.lineWidth = 10;
		ctx.fill();
		context.strokeStyle = 'black';
		ctx.stroke();